01091000
01095220
01095375
01095434
01104370
01104415
01104420
01104430
01104453
01104455
01104460
01104475
01104480
01173000
01447720
01447800
01449360
01449800
01470779
01470960
01471875
02072000
02072500
02079500
02087182
02111000
0212378405
0212880025
02129375
02137727
02138520
02141500
0214196125
0214244102
0214264790
0214267602
02145910
02146409
02147310
021474095
02147505
02171637
02171639
02171645
02172020
02172040
02172050
021720508
02172053
021720698
02176930
02188100
02193900
02205000
02205522
02205865
02208130
02217274
02218565
02334480
02334578
02334652
02334653
02334654
02334885
02335350
02335400
02335405
02335450
02335700
023432415
02357150
02358000
02358795
02385800
02388975
02388985
02389150
02392000
02394000
02394682
02450250
03057300
03058000
03119341
03119971
03119979
03120820
03120869
03120961
03125338
03126395
03127980
03127986
03127989
03140853
03140900
03140950
03158200
03191982
03193000
03194700
03238745
03238772
03250322
03254520
03254695
03271510
0329247350
03297800
03298000
03298150
03298200
03298250
03306000
03307000
03311500
03323500
03324500
03327000
03359000
03373980
03374500
03430200
03431083
03431091
03431514
0351706800
03544970
03597860
05058000
05487520
05488110
06038500
06038800
06043120
06101630
06178500
06227600
06711565
06714215
06752260
06767998
06767999
06768000
06853500
06861000
06888990
06889000
06893060
06893500
06893562
06893620
06893820
06893830
06893890
06893970
06894000
07049050
07053450
07054527
07060000
07060500
07076000
07079300
07081200
07086000
07097000
07099400
07099969
07099971
07106500
07109500
07119700
07120480
07120500
07124000
07128500
07130500
07164500
07177500
07178000
07178200
071912213
07191222
07280010
07299890
07308500
07311900
07312100
07312130
07312200
07312500
07316000
07331000
07332620
07332622
07337000
08022040
08048000
08049500
08052700
08052745
08057000
08057055
08057410
08062500
08065350
08067074
08068000
08068275
08068400
08069500
08070200
08074598
08074710
08086212
08090800
08123800
08123850
08136500
08155500
08170990
08211200
08211503
08405200
08407500
08412500
09014050
09041400
09071750
09085150
09136100
09147500
09209400
09211200
09261000
09352900
09355500
09361500
09363500
09371520
09380000
10129900
10133650
10133800
10133980
10141000
10302002
10317480
10336580
103366092
10336700
10336770
10336775
10336779
10339400
10339419
10345490
10348000
10351650
11044000
11125600
11126000
11128500
11162690
11172945
11172955
11173200
11173500
11173510
11173575
11174000
11181360
11203580
11204100
11206820
11251000
11274790
11276500
11276600
11276900
11277300
11278000
11278300
11278400
11289650
11294500
11299997
11302000
11302500
11303000
11390000
11433790
11445500
11446030
11446220
11446500
11446700
11446980
11463682
11463980
11464000
11467000
11509370
11510700
11525854
11526400
12056500
12058800
12098700
12100490
12101100
12101102
12114500
12115000
12115500
12116100
12116400
12116500
12117000
12117500
12117600
12147470
12172000
12173500
12178000
12178100
12179900
12181000
12355500
12362500
12363000
13012475
13038500
13150430
13168500
13211205
13211210
13340000
13341000
13341050
14019240
14034470
14070615
14145500
14147500
14148000
14150000
14150290
14151000
14152000
14153500
14154500
14155500
14158100
14158740
14158790
14158798
14159200
14159500
14162050
14162200
14162500
14164550
14164700
14166000
14169000
14178000
14179000
14180300
14181500
14185900
14186200
14187200
14197900
14202980
14205350
14206241
14316500
14330000
14335072
14335075
14337600
14337800
14337830
14337870
14338000
14338100
14339000
14362000
14366000
293252098380801
294300098080001
294643095035200
295524095072701
295554095093401
295554095093402
295826095082200
324122107120802
325002107181201
340841090134701
343048093031301
343049093031301
343052093031301
343054093031201
343057093031301
381312104321001
383930122494801
393259107194801
395339083130100
404417108524900
420448121503100
420741121554001
421134110094701
422302071083801
430834108423201
452731123092100
453004122510301
453030122560101
453040123065201
453113123003501
473423095053301
473425095052302
473425095052602
473426095052305
473426095052401
474428091594601