01022500
01031500
01037380
01078000
01091000
01170100
01187300
01188000
01193500
01194000
01194500
01362200
0136230002
01364959
01409810
01413500
01414500
01415000
01415460
01419500
01423000
0143400680
01434017
01434021
01434025
01435000
01439500
01440000
01440400
01451800
01460880
01466500
01471875
01484100
01487000
01491000
01516500
01517000
01544500
01545600
01547700
01549500
01568000
01596500
01606500
01611500
01613900
01632000
01632900
01634500
01635090
01643700
01663500
01664000
01665500
01666500
01667500
01669000
01669520
01673638
02011400
02011460
02013000
02014000
02015700
02016000
02017500
02018000
02032640
02038850
02044000
02051000
02051500
02053800
02059485
02059500
02061000
02064000
02065500
02070000
02074500
02077200
02079640
02084160
02084557
02085220
02110500
02137727
02204130
02212600
02231000
02266200
02296500
02297310
02298123
02298488
02298495
02298530
02298554
02299950
02313700
02314500
02315550
02322700
02322800
02327033
02327100
02331000
02338523
02350600
02388975
02395120
02450250
02479155
02481510
03011800
03017500
03022540
03026500
03028000
03065400
03066000
03068800
03069000
03069500
03092090
03102950
03114500
03121850
03151500
03154000
03158200
03164000
03173000
03180500
03183000
03186500
03187500
03198350
03250322
03302050
03357330
03410210
03433641
0344894205
03455500
03460000
03473000
03490000
03497300
03526000
03544970
03558000
03604000
04014500
04027000
04043140
04043150
04043238
04043244
04043275
04057800
04059500
04063700
04085119
04123500
04124000
04125460
04126970
04136000
04296000
05014300
05056000
05057000
05057200
05062500
05087500
05123400
05131500
05291000
05293000
05387500
05389400
05407470
05408000
05412500
05451210
05487980
06036805
06036905
06037100
06037500
06043500
06073500
06187915
06187950
06188000
06190540
06191000
06191500
06209500
06224000
06329597
06332515
06339500
06350000
06354000
06467600
06623800
06775500
06784000
06803530
06847000
06879650
06889160
06903400
06914990
06934000
07014000
07030392
07056515
07061270
07144780
07148350
07176950
07191222
07290650
07301500
07311900
07332390
08070200
08086150
08086212
08086290
08158700
08195000
08236000
08324000
08377900
08380500
09065500
09066000
09066200
09066300
09107000
09196500
09306007
09306242
09352900
09378700
09505800
09508300
10172200
10243260
10244950
10249300
10249900
10263500
10313400
10336580
10336645
10336660
10336676
103367592
10336770
10343500
10396000
11111500
11141150
11141280
11143000
11148900
11151870
11153900
11154700
11160300
11162500
11169800
11172945
11173200
11176400
11180960
11199500
11203580
11204100
11213500
11264500
11266500
11274500
11274790
11355500
11371000
11381500
11383500
11409500
11464500
11467600
11468000
11468500
11468900
11472900
11473900
11474500
11475500
11475560
11475800
11476600
11478500
11481500
11482500
11522500
11526500
11528700
11532500
12010000
12017000
12032500
12043000
12056500
12114500
12115000
12115500
12117000
12137290
12147500
12147600
12178100
12179900
12182500
12186000
12189500
12206900
12207850
12209000
12209490
12210000
12210700
12354000
12358500
12359800
12413360
12414500
12447390
12448000
12448500
12488500
13010065
13011500
13011900
13018300
13023000
13046680
13185000
13235000
13313000
13331500
13337000
13338500
13340000
13340600
14020000
14046890
14101500
14128500
14138870
14138900
14139800
14141500
14144800
14144900
14147500
14150300
14150800
14152500
14154500
14158500
14158790
14159200
14161100
14161500
14166500
14179000
14180300
14181900
14182500
14185000
14185900
14187000
14198500
14199704
14301000
14301500
14305500
14306500
14307620
14316495
14316700
14318000
14320934
14337800
14337870
14400000
15052000
15056210
15085100
15106920
15106980
15129500
15200000
15200280
15236900
15266110
15266300
15272380
15274000
15283700
15284000
15290000
15291000
15292700
15294005
15297610
15300250
15300300
15302000
15302200
15302250
15484000
15493000
15564879
15803000
15896000
15908000
16108000
16303000
16508000
16618000
402114105350101