01100568
01104405
01104410
01189999
01470736
01471667
01576381
02079640
02147801
02148000
02171000
02171500
02171560
02172002
021720813
02195520
021963601
021968385
02218500
02292010
02312700
02313000
02435020
03207500
03207800
03275990
03277450
03340870
03340900
03357330
05304500
05311000
06339000
06339010
06340590
06340700
07176950
07179330
07274252
07275530
07285400
07338920
07343500
07344500
07346020
07346055
07346080
07346085
07346095
08018500
08019000
08020820
08021600
08022100
08048543
08048970
08048980
08049553
08049556
08049562
08049565
08049566
08049569
08053000
08059570
08064100
08066500
08067071
08067900
08074540
08074600
08076005
08086400
08088600
08110075
08153900
08154700
08158000
08158700
08168909
08169000
08171000
08171290
11022500
11044300
11153000
11153470
11153900
11159000
11167800
11169025
11170450
11171500
11172175
11176600
11176900
11177000
11179000
11180825
11180900
11180960
11181040
11181390
11259000
11325500
11335000
11387000
11404500
11421000
11421500
11451760
11458000
11460000
11460170
11460400
11460600
11466800
11475000
12182500
12447200
14168000
14202500
14202650
14203500
14205400
14206339
142063391
142063398
14206752
295314097565701
295322097561000
295322097561002
295443097554201
313430097113801
452230122512201
453016123052400
453104122551201
453250122494501